9x9:
0 0 1 8 0 0 0 0 0
0 0 7 0 0 0 0 0 0
0 0 2 0 0 0 0 9 7
0 0 0 0 0 0 0 0 0
0 0 0 0 5 0 4 0 0
0 0 9 0 1 0 6 0 0
0 0 0 4 8 0 0 0 0
6 7 0 0 0 1 0 0 0
9 0 3 6 7 5 0 0 8

16x16:
0 0 0 0 16 0 0 0 0 0 5 9 0 2 0 0
0 0 0 0 2 5 0 0 0 0 3 11 0 0 0 0
0 15 0 0 0 0 7 0 8 0 0 0 11 0 0 0
0 1 11 0 0 0 0 0 7 0 0 15 0 0 0 10
11 0 0 3 8 15 9 0 13 0 0 0 0 0 6 0
0 0 0 0 4 0 14 0 0 0 11 0 0 0 0 0
10 7 0 0 1 0 0 6 2 0 0 0 0 3 0 0
0 0 0 0 0 11 0 0 5 14 0 0 0 0 2 0
0 4 0 11 0 0 13 0 9 6 0 3 5 0 14 0
0 12 13 6 7 0 8 0 16 0 0 0 10 0 0 0
0 0 0 0 15 0 5 0 12 10 0 0 0 0 0 0
5 0 10 0 0 0 0 0 0 0 1 0 0 0 0 0
0 0 5 0 12 0 0 0 0 0 0 10 2 8 11 0
0 0 0 0 9 0 0 0 0 0 0 4 0 0 0 0
6 0 4 0 5 2 0 0 15 0 0 0 16 0 10 0
0 0 8 0 0 0 3 7 1 0 0 2 0 0 9 0

25x25:
0 2 0 0 0 0 0 0 0 0 0 0 0 0 0 0 0 0 10 0 0 17 13 0 0
0 0 0 0 0 8 10 0 0 0 17 0 3 5 0 0 0 0 0 7 0 0 0 25 22
0 0 0 0 0 0 0 0 16 0 0 0 0 0 24 17 0 0 0 0 0 0 0 0 0
0 0 0 0 0 5 0 0 1 0 0 0 0 0 23 0 0 0 0 0 0 0 12 0 14
3 0 0 0 0 0 0 0 0 0 19 25 12 0 0 5 0 0 0 0 0 0 9 0 0
0 0 0 0 0 2 0 0 0 17 0 7 0 0 0 6 0 0 8 11 0 3 0 0 0
24 0 0 9 0 0 19 20 0 0 0 0 0 0 0 0 0 23 0 0 11 18 0 0 0
0 0 0 18 0 12 0 0 0 0 0 6 0 0 0 0 0 7 0 0 0 0 21 0 0
0 0 1 8 0 0 0 0 0 0 25 0 0 0 0 12 0 3 0 16 0 0 0 0 0
0 0 23 0 21 7 0 0 0 0 10 0 0 0 0 19 0 0 0 0 6 0 0 0 12
0 0 0 0 0 0 0 0 21 23 0 0 0 0 0 0 0 6 4 0 0 0 0 0 8
0 0 0 0 0 0 0 0 0 0 16 0 0 0 0 13 0 0 3 2 0 0 25 19 0
0 0 0 1 0 0 11 0 0 0 5 4 0 0 10 0 0 18 0 0 15 0 0 20 16
0 0 0 16 0 0 0 0 6 22 0 0 0 0 2 0 0 0 0 0 0 9 0 0 0
0 0 0 0 0 0 0 0 0 0 0 13 0 0 3 0 0 0 0 0 0 0 17 0 0
0 0 0 0 2 16 0 0 0 24 0 0 25 0 0 1 0 0 0 0 12 19 0 0 0
0 0 0 0 7 0 0 0 0 0 0 24 0 0 0 15 14 0 0 0 20 22 0 13 0
1 0 22 0 0 19 0 12 18 0 0 0 0 0 0 0 20 0 0 0 7 0 5 0 0
0 0 0 19 16 11 0 0 20 0 0 0 0 0 0 0 8 0 22 9 0 0 0 0 0
0 0 0 0 0 0 0 10 25 0 0 8 0 6 17 0 2 0 0 0 1 0 0 0 0
0 0 0 0 18 0 0 0 0 0 6 0 14 0 0 0 0 0 0 0 9 0 16 0 0
5 0 0 0 20 0 0 0 0 0 0 2 11 0 0 0 0 12 0 24 0 0 1 3 25
0 0 0 0 0 0 12 21 0 0 0 0 0 0 0 0 0 13 9 0 0 0 11 0 0
0 0 0 0 0 0 0 0 0 6 0 0 4 22 0 0 0 0 0 0 0 0 8 0 21
25 0 0 11 0 0 0 0 0 0 0 0 0 0 0 8 0 0 16 0 0 0 0 0 0